Time,Longitude,Latitude,Altitude,CO2,p,Light,T,h
2023-12-04 07:22:56,9.967907,51.405982,0.0,766,95831,9.78,11.70,34.64
2023-12-04 07:23:06,9.967897,51.405830,0.0,697,95958,9.38,11.41,33.75
2023-12-04 07:23:07,9.967914,51.405857,0.0,692,95963,9.48,11.37,33.64
2023-12-04 07:23:08,9.967905,51.405876,0.0,687,95952,9.29,11.39,33.54
2023-12-04 07:23:09,9.967908,51.405891,0.0,677,95952,9.29,11.33,33.43
2023-12-04 07:23:10,9.967911,51.405906,0.0,672,95952,9.87,11.34,33.37
2023-12-04 07:23:11,9.967915,51.405914,0.0,667,95941,9.38,11.31,33.30
2023-12-04 07:23:12,9.967915,51.405921,0.0,662,95960,9.78,11.28,33.21
2023-12-04 07:23:13,9.967916,51.405925,0.0,652,95976,10.17,11.26,33.14
2023-12-04 07:23:14,9.967916,51.405929,0.0,647,95987,9.58,11.20,33.04
2023-12-04 07:23:15,9.967916,51.405937,0.0,642,95993,9.38,11.18,32.96
2023-12-04 07:23:16,9.967916,51.405952,0.0,637,96009,9.78,11.14,32.90
2023-12-04 07:23:17,9.967917,51.405960,0.0,627,96015,9.48,11.15,32.81
2023-12-04 07:23:18,9.967916,51.405971,0.0,622,96034,9.58,11.09,32.72
2023-12-04 07:23:19,9.967916,51.405982,0.0,617,96032,9.58,11.09,32.68
2023-12-04 07:23:20,9.967916,51.405994,0.0,607,96029,9.97,11.03,32.60
2023-12-04 07:23:21,9.967917,51.406002,0.0,602,96026,9.78,11.02,32.55
2023-12-04 07:23:22,9.967918,51.406013,0.0,597,96032,8.99,11.02,32.49
2023-12-04 07:23:23,9.967919,51.406021,0.0,597,96043,9.48,10.99,32.43
2023-12-04 07:23:24,9.967920,51.406024,0.0,592,96040,9.87,10.97,32.37
2023-12-04 07:23:25,9.967921,51.406028,0.0,582,96048,9.97,10.96,32.31
2023-12-04 07:23:26,9.967922,51.406028,0.0,577,96065,9.78,10.90,32.25
2023-12-04 07:23:27,9.967922,51.406024,0.0,572,96081,9.68,10.89,32.22
2023-12-04 07:23:28,9.967923,51.406032,0.0,562,96086,10.17,10.89,32.12
2023-12-04 07:23:29,9.967925,51.406009,252.4,557,96097,9.68,10.81,32.07
2023-12-04 07:23:30,9.967926,51.406002,251.3,552,96108,9.78,10.80,32.02
2023-12-04 07:23:31,9.967927,51.405990,250.4,547,96131,9.97,10.77,31.95
2023-12-04 07:23:32,9.967928,51.405986,249.8,542,96147,9.78,10.70,31.90
2023-12-04 07:23:34,9.967930,51.405979,249.8,537,96170,9.87,10.64,31.82
2023-12-04 07:23:36,9.967932,51.405994,249.8,532,96186,9.97,10.59,31.72
2023-12-04 07:23:38,9.967934,51.406005,249.8,517,96221,9.87,10.51,31.61
2023-12-04 07:23:37,9.967936,51.406009,249.8,428,96233,9.68,10.40,31.51
2023-12-04 07:23:39,9.967938,51.406013,249.8,348,96276,9.87,10.36,31.44
2023-12-04 07:23:41,9.967940,51.406013,249.8,278,96282,9.58,10.30,31.39
2023-12-04 07:23:43,9.967940,51.406017,249.8,199,96337,9.78,10.20,31.30
2023-12-04 07:23:45,9.967941,51.406017,249.8,134,96382,9.48,10.12,31.23
2023-12-04 07:23:47,9.967940,51.406021,249.8,74,96425,9.68,10.04,31.19
2023-12-04 07:23:49,9.967940,51.406021,249.8,29,96414,9.38,10.03,31.13
2023-12-04 07:23:51,9.967939,51.406024,249.8,29,96408,10.07,10.00,31.11
2023-12-04 07:23:53,9.967938,51.406024,249.8,29,96400,9.97,9.99,31.08
2023-12-04 07:23:55,9.967937,51.406028,249.8,29,96394,10.17,9.99,31.06
2023-12-04 07:23:57,9.967936,51.406028,249.8,29,96406,9.78,9.94,31.02
2023-12-04 07:23:59,9.967936,51.406028,249.8,29,96450,9.97,9.80,31.00
2023-12-04 07:24:01,9.967936,51.406028,249.8,29,96565,10.26,9.48,30.89
2023-12-04 07:24:03,9.967948,51.406040,249.8,29,96582,9.97,9.24,30.83
2023-12-04 07:24:05,9.967923,51.406021,249.8,29,96706,10.17,9.00,30.78
2023-12-04 07:24:07,9.967924,51.406024,249.8,29,96752,9.97,8.87,30.76
2023-12-04 07:24:09,9.967971,51.406032,249.8,24,96805,10.07,8.72,30.72
2023-12-04 07:24:11,9.967993,51.406051,249.8,24,96846,9.78,8.63,30.74
2023-12-04 07:24:13,9.968025,51.406051,249.8,24,96876,10.26,8.51,30.73
2023-12-04 07:24:15,9.968031,51.406082,249.8,24,96931,10.26,8.41,30.75
2023-12-04 07:24:17,9.968041,51.406101,249.8,24,96954,10.36,8.33,30.79
2023-12-04 07:24:19,9.968047,51.406124,249.8,24,96987,9.97,8.27,30.82
2023-12-04 07:24:21,9.968041,51.406105,249.8,24,97022,9.97,8.15,30.84
2023-12-04 07:24:23,9.968025,51.406147,249.8,24,97028,10.36,8.06,30.87
2023-12-04 07:24:25,9.968015,51.406173,249.8,24,97006,9.97,8.04,30.93
2023-12-04 07:24:27,9.968014,51.406162,249.8,24,97033,9.97,8.02,30.98
2023-12-04 07:24:29,9.968009,51.406173,249.8,24,97028,9.58,8.00,31.04
2023-12-04 07:24:31,9.967982,51.406169,249.8,24,97039,10.07,7.98,31.09
2023-12-04 07:24:33,9.967991,51.406166,249.8,49,97025,10.07,7.91,31.17
2023-12-04 07:24:35,9.967971,51.406124,249.8,154,97033,10.17,7.91,31.25
2023-12-04 07:24:37,9.968011,51.406124,249.8,229,97057,10.46,7.89,31.29
2023-12-04 07:24:39,9.967963,51.406139,249.8,308,97055,9.97,7.86,31.37
2023-12-04 07:24:41,9.967945,51.406124,249.8,373,97066,9.87,7.81,31.43
2023-12-04 07:24:43,9.967913,51.406135,249.8,408,97077,10.36,7.78,31.46
2023-12-04 07:24:44,9.967936,51.406127,249.8,408,97060,9.97,7.76,31.48
2023-12-04 07:24:45,9.967942,51.406101,249.8,408,97060,9.97,7.77,31.54
2023-12-04 07:24:46,9.967912,51.406101,249.8,403,97049,9.87,7.81,31.56
2023-12-04 07:24:47,9.967925,51.406108,249.8,408,97060,10.07,7.77,31.59
2023-12-04 07:24:48,9.967925,51.406112,249.8,403,97066,10.26,7.76,31.64
2023-12-04 07:24:49,9.967949,51.406112,249.8,408,97066,10.36,7.75,31.70
2023-12-04 07:24:50,9.967963,51.406135,249.8,408,97066,10.17,7.75,31.72
2023-12-04 07:24:51,9.967967,51.406135,249.8,408,97042,10.26,7.76,31.75
2023-12-04 07:24:52,9.967949,51.406150,249.8,408,97049,10.36,7.74,31.80
2023-12-04 07:24:53,9.967973,51.406131,249.8,408,97044,10.17,7.73,31.81
2023-12-04 07:24:54,9.967975,51.406139,249.8,408,97046,10.07,7.74,31.86
2023-12-04 07:24:55,9.967972,51.406147,249.8,408,97033,10.36,7.71,31.89
2023-12-04 07:24:56,9.967979,51.406135,249.8,403,97042,10.65,7.71,31.91
2023-12-04 07:24:57,9.967973,51.406147,249.8,408,97052,10.07,7.70,31.95
2023-12-04 07:24:58,9.967948,51.406143,249.8,403,97044,10.07,7.64,31.97
2023-12-04 07:24:59,9.967921,51.406147,249.8,403,97060,10.17,7.64,31.99
2023-12-04 07:25:00,9.967909,51.406154,249.8,408,97060,10.36,7.61,32.03
2023-12-04 07:25:01,9.967917,51.406131,249.8,408,97071,10.17,7.58,32.06
2023-12-04 07:25:02,9.967913,51.406112,249.8,408,97077,10.46,7.59,32.09
2023-12-04 07:25:03,9.967895,51.406116,249.8,408,97082,10.26,7.60,32.15
2023-12-04 07:25:04,9.967897,51.406108,249.8,408,97099,10.46,7.56,32.18
2023-12-04 07:25:05,9.967892,51.406089,249.8,408,97113,10.85,7.57,32.21
2023-12-04 07:25:06,9.967888,51.406059,249.8,408,97132,9.78,7.54,32.23
2023-12-04 07:25:07,9.967879,51.406059,249.8,408,97144,10.26,7.54,32.27
2023-12-04 07:25:08,9.967882,51.406036,249.8,408,97141,10.46,7.49,32.30
2023-12-04 07:25:09,9.967878,51.405998,249.8,408,97132,10.36,7.52,32.35
2023-12-04 07:25:10,9.967883,51.405967,249.8,408,97135,10.26,7.50,32.37
2023-12-04 07:25:11,9.967896,51.405948,249.8,408,97138,10.36,7.47,32.40
2023-12-04 07:25:12,9.967895,51.405941,249.8,403,97138,10.36,7.45,32.43
2023-12-04 07:25:13,9.967895,51.405937,249.8,408,97160,9.97,7.41,32.46
2023-12-04 07:25:14,9.967921,51.405887,249.8,403,97195,10.56,7.35,32.49
2023-12-04 07:25:15,9.967939,51.405868,249.8,403,97198,10.36,7.34,32.51
2023-12-04 07:25:16,9.967967,51.405841,249.8,408,97220,10.85,7.38,32.56
2023-12-04 07:25:17,9.967968,51.405818,249.8,408,97209,10.95,7.37,32.59
2023-12-04 07:25:18,9.967975,51.405811,249.8,408,97215,10.46,7.35,32.62
2023-12-04 07:25:19,9.967965,51.405769,249.8,408,97242,10.75,7.30,32.65
2023-12-04 07:25:20,9.967982,51.405757,249.8,403,97275,10.46,7.22,32.65
2023-12-04 07:25:21,9.967986,51.405750,249.8,408,97292,10.65,7.20,32.69
2023-12-04 07:25:22,9.967980,51.405750,249.8,403,97306,10.65,7.15,32.72
2023-12-04 07:25:23,9.967991,51.405784,249.8,408,97319,10.26,7.13,32.77
2023-12-04 07:25:24,9.968008,51.405773,249.8,408,97333,10.95,7.08,32.77
2023-12-04 07:25:25,9.968024,51.405754,249.8,403,97350,10.85,7.02,32.81
2023-12-04 07:25:26,9.968024,51.405738,249.8,408,97366,10.95,6.98,32.81
2023-12-04 07:25:27,9.968008,51.405754,249.8,408,97377,10.56,6.97,32.86
2023-12-04 07:25:28,9.968029,51.405761,249.8,403,97399,10.56,6.89,32.89
2023-12-04 07:25:29,9.968052,51.405765,249.8,403,97427,10.56,6.87,32.91
2023-12-04 07:25:30,9.968059,51.405761,249.8,403,97449,10.56,6.82,32.92
2023-12-04 07:25:31,9.968059,51.405780,249.8,408,97457,13.29,6.79,32.96
2023-12-04 07:25:32,9.968062,51.405796,249.8,403,97455,10.46,6.78,33.01
2023-12-04 07:25:33,9.968067,51.405803,249.8,408,97471,13.49,6.78,33.02
2023-12-04 07:25:34,9.968082,51.405799,249.8,408,97480,10.75,6.76,33.07
2023-12-04 07:25:35,9.968064,51.405799,249.8,408,97482,12.71,6.72,33.11
2023-12-04 07:25:36,9.968070,51.405773,249.8,403,97466,10.56,6.71,33.14
2023-12-04 07:25:37,9.968049,51.405796,249.8,408,97466,13.20,6.73,33.19
2023-12-04 07:25:38,9.968045,51.405796,249.8,403,97466,10.65,6.74,33.23
2023-12-04 07:25:39,9.968032,51.405796,249.8,408,97460,13.10,6.76,33.27
2023-12-04 07:25:40,9.968052,51.405761,220.5,408,97455,10.75,6.74,33.30
2023-12-04 07:25:41,9.968081,51.405704,217.5,408,97443,12.81,6.74,33.33
2023-12-04 07:25:42,9.968156,51.405593,212.4,408,97463,10.65,6.74,33.37
2023-12-04 07:25:44,9.968184,51.405784,212.4,403,97471,11.24,6.67,33.46
2023-12-04 07:25:46,9.968157,51.405761,212.4,408,97482,11.05,6.64,33.53
2023-12-04 07:25:48,9.968135,51.405746,212.4,353,97474,10.75,6.59,33.61
2023-12-04 07:25:50,9.968095,51.405773,212.4,293,97488,10.75,6.53,33.68
2023-12-04 07:25:52,9.968055,51.405811,212.4,204,97520,10.75,6.52,33.75
2023-12-04 07:25:54,9.968053,51.405834,212.4,154,97523,10.65,6.50,33.84
2023-12-04 07:25:56,9.968045,51.405841,212.4,64,97501,10.75,6.49,33.93
2023-12-04 07:25:58,9.968053,51.405849,212.4,24,97512,10.95,6.41,33.98
2023-12-04 07:26:00,9.968057,51.405849,212.4,24,97526,11.24,6.41,34.10
2023-12-04 07:26:02,9.968070,51.405845,212.4,24,97515,10.75,6.40,34.14
2023-12-04 07:26:04,9.968072,51.405841,212.4,24,97572,11.44,6.24,34.22
2023-12-04 07:26:06,9.968058,51.405853,212.4,24,97611,11.05,6.13,34.26
2023-12-04 07:26:08,9.967991,51.405887,212.4,24,97617,10.95,6.17,34.39
2023-12-04 07:26:10,9.967958,51.405906,212.4,24,97614,11.24,6.14,34.46
2023-12-04 07:26:12,9.967944,51.405925,212.4,24,97617,10.85,6.10,34.54
2023-12-04 07:26:14,9.967944,51.405944,212.4,24,97625,10.95,6.00,34.62
2023-12-04 07:26:16,9.967962,51.405933,212.4,24,97647,11.24,5.94,34.68
2023-12-04 07:26:20,9.967971,51.406028,212.4,24,97685,11.44,5.74,34.81
2023-12-04 07:26:22,9.967814,51.406337,212.4,24,97682,10.95,5.67,34.87
2023-12-04 07:26:24,9.967677,51.406749,212.4,24,97707,11.73,5.60,34.95
2023-12-04 07:26:26,9.967571,51.407001,212.4,24,97693,11.34,5.53,35.04
2023-12-04 07:26:28,9.967496,51.407123,212.4,24,97721,10.95,5.49,35.11
2023-12-04 07:26:30,9.967495,51.407127,212.4,24,97732,11.73,5.42,35.19
2023-12-04 07:26:32,9.967528,51.407123,212.4,24,97741,11.44,5.38,35.27
2023-12-04 07:26:34,9.967551,51.407051,212.4,24,97765,11.05,5.37,35.36
2023-12-04 07:26:36,9.967573,51.406970,212.4,24,97765,11.44,5.35,35.45
2023-12-04 07:26:38,9.967592,51.406913,212.4,24,97776,11.63,5.34,35.55
2023-12-04 07:26:40,9.967577,51.406856,212.4,24,97760,12.22,5.33,35.64
2023-12-04 07:26:42,9.967616,51.406784,212.4,29,97768,11.44,5.35,35.72
2023-12-04 07:26:44,9.967615,51.406749,212.4,94,97784,11.44,5.34,35.83
2023-12-04 07:26:46,9.967637,51.406707,212.4,169,97806,11.73,5.34,35.92
2023-12-04 07:26:48,9.967650,51.406658,212.4,253,97798,11.24,5.32,36.00
2023-12-04 07:26:50,9.967728,51.406585,212.4,323,97798,11.73,5.31,36.10
2023-12-04 07:26:52,9.967730,51.406524,212.4,393,97801,11.53,5.27,36.18
2023-12-04 07:26:54,9.967722,51.406463,212.4,403,97823,12.71,5.26,36.22
2023-12-04 07:26:55,9.967720,51.406459,212.4,408,97826,11.63,5.26,36.28
2023-12-04 07:26:56,9.967737,51.406433,212.4,403,97812,12.61,5.28,36.31
2023-12-04 07:26:57,9.967752,51.406394,212.4,408,97812,11.63,5.27,36.35
2023-12-04 07:26:58,9.967750,51.406375,212.4,408,97823,12.71,5.27,36.39
2023-12-04 07:26:59,9.967759,51.406352,212.4,408,97812,11.93,5.27,36.43
2023-12-04 07:27:00,9.967751,51.406322,212.4,408,97806,12.71,5.31,36.49
2023-12-04 07:27:01,9.967742,51.406291,212.4,408,97804,11.53,5.30,36.52
2023-12-04 07:27:02,9.967745,51.406269,212.4,408,97809,13.20,5.28,36.55
2023-12-04 07:27:03,9.967761,51.406250,212.4,408,97806,11.93,5.26,36.59
2023-12-04 07:27:04,9.967794,51.406211,212.4,408,97815,12.51,5.22,36.62
2023-12-04 07:27:05,9.967817,51.406162,212.4,408,97823,11.63,5.21,36.67
2023-12-04 07:27:06,9.967826,51.406124,212.4,408,97834,13.20,5.20,36.71
2023-12-04 07:27:07,9.967849,51.406097,212.4,408,97837,11.73,5.20,36.74
2023-12-04 07:27:08,9.967871,51.406082,212.4,408,97844,13.20,5.17,36.78
2023-12-04 07:27:09,9.967915,51.406051,212.4,408,97840,11.63,5.18,36.82
2023-12-04 07:27:10,9.967945,51.406047,212.4,408,97843,12.61,5.16,36.86
2023-12-04 07:27:11,9.967975,51.406044,212.4,408,97834,11.83,5.15,36.90
2023-12-04 07:27:12,9.968010,51.406044,212.4,408,97834,12.22,5.15,36.93
2023-12-04 07:27:13,9.968023,51.406044,212.4,408,97843,11.93,5.13,36.96
2023-12-04 07:27:14,9.968030,51.406040,212.4,408,97864,11.73,5.09,37.00
2023-12-04 07:27:15,9.968037,51.406047,212.4,408,97872,11.93,5.07,37.02
2023-12-04 07:27:16,9.968020,51.406044,212.4,403,97900,12.02,5.05,37.08
2023-12-04 07:27:17,9.968018,51.406032,212.4,408,97900,11.63,5.04,37.12
2023-12-04 07:27:18,9.968014,51.406017,212.4,403,97900,12.02,5.05,37.17
2023-12-04 07:27:19,9.968033,51.406017,212.4,408,97908,11.73,5.03,37.19
2023-12-04 07:27:20,9.968036,51.406005,212.4,403,97914,11.83,5.01,37.22
2023-12-04 07:27:21,9.968051,51.406002,212.4,408,97922,12.02,5.00,37.29
2023-12-04 07:27:22,9.968050,51.406005,212.4,408,97922,12.02,4.96,37.32
2023-12-04 07:27:23,9.968056,51.406024,212.4,408,97953,11.73,4.92,37.33
2023-12-04 07:27:24,9.968063,51.406032,212.4,403,97969,12.12,4.89,37.38
2023-12-04 07:27:25,9.968062,51.406044,212.4,408,97978,11.83,4.86,37.39
2023-12-04 07:27:26,9.968069,51.406044,212.4,408,97980,12.32,4.81,37.44
2023-12-04 07:27:27,9.968065,51.406044,212.4,408,97990,12.41,4.74,37.44
2023-12-04 07:27:28,9.968113,51.406044,212.4,408,97999,12.02,4.75,37.49
2023-12-04 07:27:29,9.968169,51.406032,212.4,408,97996,11.83,4.74,37.53
2023-12-04 07:27:30,9.968224,51.406017,212.4,403,98015,11.93,4.69,37.56
2023-12-04 07:27:31,9.968250,51.406005,212.4,408,98007,12.22,4.71,37.60
2023-12-04 07:27:32,9.968272,51.405979,212.4,408,97999,12.12,4.72,37.64
2023-12-04 07:27:33,9.968291,51.405941,212.4,408,98004,11.83,4.71,37.65
2023-12-04 07:27:34,9.968292,51.405933,212.4,408,98004,12.32,4.69,37.70
2023-12-04 07:27:35,9.968286,51.405914,212.4,408,98004,12.32,4.64,37.74
2023-12-04 07:27:36,9.968274,51.405895,212.4,408,98004,12.12,4.62,37.77
2023-12-04 07:27:37,9.968287,51.405899,212.4,408,98010,11.93,4.60,37.80
2023-12-04 07:27:38,9.968297,51.405872,212.4,408,98042,12.02,4.57,37.85
2023-12-04 07:27:39,9.968302,51.405857,212.4,408,98023,11.83,4.52,37.87
2023-12-04 07:27:40,9.968305,51.405845,212.4,408,98034,12.12,4.54,37.93
2023-12-04 07:27:41,9.968319,51.405799,212.4,408,98045,12.51,4.52,37.98
2023-12-04 07:27:42,9.968325,51.405784,212.4,408,98070,12.02,4.52,37.99
2023-12-04 07:27:43,9.968330,51.405765,212.4,408,98081,12.12,4.48,38.04
2023-12-04 07:27:44,9.968317,51.405754,212.4,408,98073,12.51,4.50,38.08
2023-12-04 07:27:45,9.968309,51.405746,212.4,408,98079,12.41,4.47,38.11
2023-12-04 07:27:46,9.968286,51.405731,212.4,408,98087,12.22,4.50,38.18
2023-12-04 07:27:47,9.968270,51.405727,212.4,403,98084,12.02,4.50,38.21
2023-12-04 07:27:48,9.968243,51.405715,212.4,403,98092,12.22,4.48,38.26
2023-12-04 07:27:49,9.968212,51.405735,251.7,408,98087,12.41,4.50,38.32
2023-12-04 07:27:50,9.968189,51.405719,251.6,403,98084,12.32,4.50,38.36
2023-12-04 07:27:51,9.968152,51.405731,251.6,408,98084,12.32,4.50,38.39
2023-12-04 07:27:52,9.968164,51.405715,251.9,408,98095,12.41,4.45,38.45
2023-12-04 07:27:54,9.968173,51.405639,251.9,403,98106,12.61,4.45,38.55
2023-12-04 07:27:56,9.968198,51.405666,251.9,408,98098,12.12,4.45,38.63
2023-12-04 07:27:58,9.968229,51.405700,251.9,358,98106,12.02,4.43,38.72
2023-12-04 07:28:00,9.968267,51.405685,251.9,278,98112,12.12,4.38,38.79
2023-12-04 07:28:02,9.968340,51.405616,251.9,214,98104,12.32,4.41,38.86
2023-12-04 07:28:04,9.968377,51.405574,251.9,154,98090,12.22,4.43,38.94
2023-12-04 07:28:06,9.968385,51.405536,251.9,59,98084,12.71,4.43,39.03
2023-12-04 07:28:08,9.968364,51.405525,251.9,24,98079,12.41,4.43,39.09
2023-12-04 07:28:10,9.968388,51.405494,251.9,24,98090,12.32,4.45,39.15
2023-12-04 07:28:12,9.968407,51.405464,251.9,24,98087,12.61,4.39,39.22
2023-12-04 07:28:14,9.968437,51.405490,251.9,24,98090,12.41,4.38,39.28
2023-12-04 07:28:16,9.968501,51.405502,251.9,24,98098,12.90,4.34,39.33
2023-12-04 07:28:18,9.968545,51.405555,251.9,24,98115,12.32,4.29,39.38
2023-12-04 07:28:20,9.968580,51.405612,251.9,24,98123,12.22,4.24,39.44
2023-12-04 07:28:22,9.968605,51.405635,251.9,24,98134,12.41,4.23,39.48
2023-12-04 07:28:24,9.968661,51.405658,251.9,24,98131,12.71,4.19,39.54
2023-12-04 07:28:26,9.968677,51.405693,251.9,24,98166,12.71,4.18,39.59
2023-12-04 07:28:28,9.968690,51.405723,251.9,24,98169,12.81,4.15,39.66
2023-12-04 07:28:30,9.968692,51.405754,251.9,24,98175,12.61,4.10,39.72
2023-12-04 07:28:32,9.968690,51.405754,251.9,24,98194,12.41,4.09,39.76
2023-12-04 07:28:34,9.968667,51.405750,251.9,24,98200,12.71,4.05,39.80
2023-12-04 07:28:36,9.968594,51.405780,251.9,24,98216,12.71,4.00,39.84
2023-12-04 07:28:38,9.968560,51.405807,251.9,24,98225,13.10,3.95,39.94
2023-12-04 07:28:40,9.968519,51.405830,251.9,24,98236,12.41,3.94,39.99
2023-12-04 07:28:42,9.968473,51.405864,251.9,24,98244,13.00,3.97,40.05
2023-12-04 07:28:44,9.968414,51.405879,251.9,24,98247,12.90,3.92,40.14
2023-12-04 07:28:46,9.968352,51.405872,251.9,24,98266,12.71,3.93,40.16
2023-12-04 07:28:48,9.968280,51.405902,251.9,24,98255,13.29,3.92,40.23
2023-12-04 07:28:50,9.968231,51.405906,251.9,24,98266,13.10,3.90,40.29
2023-12-04 07:28:52,9.968185,51.405872,251.9,54,98280,13.20,3.88,40.36
2023-12-04 07:28:54,9.968127,51.405872,251.9,139,98266,13.20,3.88,40.40
2023-12-04 07:28:56,9.968091,51.405899,251.9,219,98288,13.20,3.83,40.46
2023-12-04 07:28:58,9.968074,51.405921,251.9,288,98302,12.90,3.80,40.52
2023-12-04 07:29:00,9.968070,51.405971,251.9,358,98321,12.81,3.76,40.57
2023-12-04 07:29:02,9.968054,51.406017,251.9,378,98324,12.90,3.74,40.57
2023-12-04 07:29:03,9.968046,51.406044,251.9,403,98327,13.59,3.75,40.62
2023-12-04 07:29:04,9.968054,51.406047,251.9,408,98321,13.20,3.71,40.62
2023-12-04 07:29:05,9.968057,51.406063,251.9,408,98332,12.81,3.73,40.66
2023-12-04 07:29:06,9.968045,51.406082,251.9,408,98321,13.29,3.71,40.67
2023-12-04 07:29:07,9.968043,51.406066,251.9,408,98335,13.39,3.70,40.73
2023-12-04 07:29:08,9.968035,51.406055,251.9,408,98345,12.90,3.69,40.74
2023-12-04 07:29:09,9.968034,51.406055,251.9,408,98340,12.90,3.68,40.76
2023-12-04 07:29:10,9.968023,51.406059,251.9,408,98345,13.10,3.65,40.81
2023-12-04 07:29:11,9.968014,51.406059,251.9,408,98362,13.59,3.62,40.83
2023-12-04 07:29:12,9.968007,51.406044,251.9,408,98359,13.69,3.61,40.86
2023-12-04 07:29:13,9.968011,51.406047,251.9,408,98351,13.00,3.58,40.89
2023-12-04 07:29:14,9.968010,51.406047,251.9,408,98340,13.20,3.60,40.92
2023-12-04 07:29:15,9.968011,51.406028,251.9,408,98348,13.29,3.59,40.94
2023-12-04 07:29:16,9.968011,51.406009,251.9,408,98345,13.10,3.59,40.97
2023-12-04 07:29:17,9.968007,51.406013,251.9,408,98348,13.39,3.54,41.01
2023-12-04 07:29:18,9.968000,51.406009,251.9,408,98348,12.90,3.57,41.03
2023-12-04 07:29:19,9.968009,51.405956,251.9,408,98359,13.20,3.57,41.07
2023-12-04 07:29:20,9.968015,51.405925,251.9,408,98356,13.39,3.55,41.08
2023-12-04 07:29:21,9.968018,51.405921,251.9,403,98340,12.90,3.55,41.14
2023-12-04 07:29:22,9.968017,51.405910,251.9,408,98345,13.39,3.54,41.15
2023-12-04 07:29:23,9.968016,51.405899,251.9,403,98348,13.10,3.52,41.20
2023-12-04 07:29:24,9.968012,51.405887,251.9,408,98345,13.29,3.53,41.21
2023-12-04 07:29:25,9.968007,51.405891,251.9,408,98345,13.39,3.53,41.25
2023-12-04 07:29:26,9.968008,51.405891,251.9,408,98340,13.10,3.53,41.28
2023-12-04 07:29:27,9.968012,51.405876,251.9,408,98356,13.78,3.54,41.33
2023-12-04 07:29:28,9.968016,51.405864,251.9,403,98362,13.78,3.52,41.34
2023-12-04 07:29:29,9.968018,51.405864,251.9,408,98351,13.10,3.54,41.37
2023-12-04 07:29:30,9.968020,51.405853,251.9,403,98348,13.29,3.52,41.42
2023-12-04 07:29:31,9.968018,51.405868,251.9,403,98345,13.49,3.49,41.44
2023-12-04 07:29:32,9.968023,51.405849,251.9,408,98337,13.39,3.48,41.46
2023-12-04 07:29:33,9.968021,51.405857,251.9,408,98354,13.29,3.47,41.50
2023-12-04 07:29:34,9.968018,51.405860,251.9,408,98351,13.20,3.47,41.52
2023-12-04 07:29:35,9.968022,51.405818,251.9,408,98365,13.49,3.47,41.56
2023-12-04 07:29:36,9.968020,51.405830,251.9,408,98365,13.49,3.45,41.59
2023-12-04 07:29:37,9.968015,51.405830,251.9,408,98367,13.29,3.45,41.62
2023-12-04 07:29:38,9.968011,51.405834,251.9,408,98376,13.39,3.42,41.64
2023-12-04 07:29:39,9.968007,51.405830,251.9,408,98378,13.69,3.40,41.66
2023-12-04 07:29:40,9.968003,51.405815,251.9,408,98390,13.69,3.39,41.69
2023-12-04 07:29:41,9.968003,51.405807,251.9,408,98392,13.78,3.39,41.72
2023-12-04 07:29:42,9.967993,51.405834,251.9,408,98384,13.59,3.36,41.77
2023-12-04 07:29:43,9.967989,51.405841,251.9,403,98390,13.20,3.34,41.77
2023-12-04 07:29:44,9.967989,51.405838,251.9,408,98403,16.62,3.29,41.83
2023-12-04 07:29:45,9.967992,51.405849,251.9,408,98401,13.59,3.31,41.84
2023-12-04 07:29:46,9.967997,51.405879,251.9,408,98409,16.23,3.30,41.88
2023-12-04 07:29:47,9.967997,51.405929,251.9,408,98409,13.39,3.29,41.90
2023-12-04 07:29:48,9.968001,51.405937,251.9,408,98412,16.72,3.30,41.93
2023-12-04 07:29:49,9.968013,51.405960,251.9,408,98415,13.88,3.29,41.97
2023-12-04 07:29:50,9.968026,51.405960,251.9,408,98403,15.44,3.27,42.00
2023-12-04 07:29:51,9.968031,51.405990,251.9,408,98428,13.49,3.26,42.04
2023-12-04 07:29:52,9.968010,51.405982,251.9,408,98423,15.74,3.25,42.05
2023-12-04 07:29:53,9.967996,51.405982,251.9,408,98434,13.49,3.20,42.08
2023-12-04 07:29:54,9.967990,51.405952,251.9,408,98445,15.84,3.20,42.11
2023-12-04 07:29:55,9.967988,51.405956,251.9,408,98445,13.69,3.18,42.15
2023-12-04 07:29:56,9.967987,51.405948,251.9,403,98456,15.54,3.18,42.19
2023-12-04 07:29:57,9.967985,51.405929,251.9,408,98467,13.78,3.14,42.21
2023-12-04 07:29:58,9.967986,51.405887,235.2,408,98467,16.03,3.16,42.26
2023-12-04 07:29:59,9.967977,51.405883,234.5,403,98459,13.98,3.16,42.29
2023-12-04 07:30:01,9.967962,51.405872,234.5,408,98476,13.88,3.11,42.34
2023-12-04 07:30:03,9.967949,51.405872,234.5,403,98500,13.88,3.08,42.44
2023-12-04 07:30:05,9.967943,51.405883,234.5,383,98500,13.59,3.03,42.47
2023-12-04 07:30:07,9.967926,51.405956,234.5,328,98505,14.17,2.97,42.53
2023-12-04 07:30:09,9.967907,51.406032,234.5,244,98511,13.88,2.99,42.60
2023-12-04 07:30:11,9.968151,51.405841,234.5,184,98527,14.08,2.95,42.66
2023-12-04 07:30:13,9.968156,51.405811,234.5,89,98530,14.47,2.91,42.72
2023-12-04 07:30:15,9.968147,51.405818,234.5,24,98546,14.08,2.86,42.77
2023-12-04 07:30:17,9.968118,51.405807,234.5,24,98546,13.78,2.84,42.85
2023-12-04 07:30:19,9.968084,51.405803,234.5,24,98535,14.47,2.85,42.89
2023-12-04 07:30:21,9.968050,51.405738,234.5,24,98552,13.88,2.86,42.98
2023-12-04 07:30:23,9.967997,51.405735,234.5,24,98552,14.27,2.80,43.02
2023-12-04 07:30:25,9.967951,51.405723,234.5,24,98557,14.27,2.79,43.08
2023-12-04 07:30:27,9.967971,51.405700,234.5,24,98568,14.27,2.75,43.14
2023-12-04 07:30:29,9.967977,51.405693,234.5,24,98571,13.98,2.76,43.21
2023-12-04 07:30:31,9.967976,51.405689,234.5,24,98596,14.27,2.74,43.27
2023-12-04 07:30:33,9.967974,51.405708,234.5,24,98579,14.08,2.73,43.36
2023-12-04 07:30:35,9.967959,51.405723,234.5,24,98591,14.08,2.70,43.41
2023-12-04 07:30:37,9.967958,51.405723,234.5,24,98591,13.78,2.70,43.50
2023-12-04 07:30:39,9.968003,51.405738,234.5,24,98582,13.98,2.66,43.55
2023-12-04 07:30:41,9.968059,51.405746,234.5,24,98593,14.66,2.65,43.60
2023-12-04 07:30:43,9.968141,51.405731,234.5,24,98591,13.69,2.62,43.66
2023-12-04 07:30:45,9.968165,51.405738,234.5,24,98582,14.37,2.61,43.75
2023-12-04 07:30:47,9.968110,51.405769,234.5,24,98591,14.27,2.62,43.82
2023-12-04 07:30:49,9.968059,51.405773,234.5,24,98579,14.08,2.61,43.89
2023-12-04 07:30:51,9.967965,51.405803,234.5,24,98579,14.96,2.61,43.95
2023-12-04 07:30:53,9.967891,51.405830,234.5,24,98593,14.37,2.60,44.04
2023-12-04 07:30:55,9.967823,51.405818,234.5,24,98610,15.15,2.57,44.11
2023-12-04 07:30:57,9.967761,51.405822,234.5,24,98607,14.86,2.56,44.17
2023-12-04 07:30:59,9.967754,51.405807,234.5,29,98607,14.66,2.56,44.24
2023-12-04 07:31:01,9.967756,51.405864,234.5,139,98613,14.37,2.56,44.32
2023-12-04 07:31:03,9.967742,51.405807,234.5,204,98621,14.37,2.55,44.38
2023-12-04 07:31:05,9.967766,51.405746,234.5,283,98616,14.57,2.54,44.44
2023-12-04 07:31:07,9.967782,51.405723,234.5,333,98613,14.47,2.53,44.51
2023-12-04 07:31:09,9.967859,51.405704,234.5,408,98621,14.47,2.51,44.58
2023-12-04 07:31:11,9.967947,51.405708,234.5,408,98618,15.54,2.49,44.59
2023-12-04 07:31:12,9.968013,51.405693,234.5,408,98618,14.57,2.47,44.62
2023-12-04 07:31:13,9.968052,51.405704,234.5,408,98613,16.13,2.45,44.63
2023-12-04 07:31:14,9.968098,51.405742,234.5,408,98618,14.57,2.50,44.68
2023-12-04 07:31:15,9.968151,51.405765,234.5,403,98618,16.13,2.47,44.69
2023-12-04 07:31:16,9.968194,51.405773,234.5,408,98629,14.27,2.47,44.72
2023-12-04 07:31:17,9.968221,51.405792,234.5,403,98616,16.32,2.46,44.76
2023-12-04 07:31:18,9.968237,51.405811,234.5,408,98624,14.57,2.45,44.79
2023-12-04 07:31:19,9.968231,51.405807,234.5,403,98629,16.13,2.44,44.80
2023-12-04 07:31:20,9.968214,51.405818,234.5,408,98632,14.86,2.42,44.83
2023-12-04 07:31:21,9.968208,51.405818,234.5,408,98629,16.13,2.42,44.88
2023-12-04 07:31:22,9.968208,51.405796,234.5,403,98635,14.37,2.42,44.88
2023-12-04 07:31:23,9.968184,51.405811,234.5,408,98649,16.42,2.41,44.91
2023-12-04 07:31:24,9.968154,51.405818,234.5,408,98659,14.37,2.40,44.94
2023-12-04 07:31:25,9.968152,51.405796,234.5,408,98662,15.05,2.35,44.97
2023-12-04 07:31:26,9.968137,51.405784,234.5,408,98676,14.86,2.31,44.99
2023-12-04 07:31:27,9.968120,51.405773,234.5,408,98678,14.76,2.29,45.01
2023-12-04 07:31:28,9.968103,51.405761,234.5,408,98667,15.25,2.31,45.04
2023-12-04 07:31:29,9.968077,51.405776,234.5,403,98681,15.25,2.30,45.05
2023-12-04 07:31:30,9.968082,51.405754,234.5,408,98681,14.57,2.26,45.08
2023-12-04 07:31:31,9.968083,51.405750,234.5,403,98690,14.66,2.25,45.11
2023-12-04 07:31:32,9.968097,51.405723,234.5,403,98701,14.57,2.23,45.15
2023-12-04 07:31:33,9.968103,51.405696,234.5,408,98703,13.98,2.23,45.17
2023-12-04 07:31:34,9.968124,51.405658,234.5,403,98706,15.25,2.23,45.20
2023-12-04 07:31:35,9.968143,51.405654,234.5,403,98709,15.05,2.20,45.23
2023-12-04 07:31:36,9.968190,51.405616,234.5,408,98723,14.86,2.17,45.26
2023-12-04 07:31:37,9.968228,51.405616,234.5,408,98712,14.76,2.20,45.27
2023-12-04 07:31:38,9.968254,51.405612,234.5,408,98712,14.86,2.19,45.33
2023-12-04 07:31:39,9.968266,51.405616,234.5,408,98712,15.15,2.20,45.36
2023-12-04 07:31:40,9.968267,51.405601,234.5,403,98712,15.54,2.16,45.39
2023-12-04 07:31:41,9.968260,51.405601,234.5,408,98715,14.66,2.15,45.40
2023-12-04 07:31:42,9.968259,51.405555,234.5,403,98717,14.76,2.13,45.43
2023-12-04 07:31:43,9.968220,51.405540,234.5,403,98709,14.76,2.16,45.46
2023-12-04 07:31:44,9.968193,51.405536,234.5,408,98712,14.66,2.13,45.49
2023-12-04 07:31:45,9.968161,51.405525,234.5,408,98712,15.44,2.12,45.54
2023-12-04 07:31:46,9.968128,51.405521,234.5,408,98706,14.66,2.16,45.56
2023-12-04 07:31:47,9.968110,51.405502,234.5,408,98706,14.86,2.12,45.60
2023-12-04 07:31:48,9.968062,51.405502,234.5,408,98692,14.96,2.15,45.61
2023-12-04 07:31:49,9.968000,51.405498,234.5,403,98695,15.05,2.13,45.65
2023-12-04 07:31:50,9.967947,51.405494,234.5,408,98690,15.15,2.15,45.68
2023-12-04 07:31:51,9.967858,51.405517,234.5,408,98690,15.54,2.15,45.69
2023-12-04 07:31:52,9.967796,51.405521,234.5,408,98709,14.96,2.12,45.74
2023-12-04 07:31:53,9.967749,51.405506,234.5,408,98712,14.86,2.12,45.76
2023-12-04 07:31:54,9.967706,51.405506,234.5,408,98701,15.25,2.12,45.78
2023-12-04 07:31:55,9.967633,51.405498,234.5,408,98709,14.96,2.12,45.83
2023-12-04 07:31:56,9.967552,51.405506,234.5,408,98712,14.57,2.10,45.86
2023-12-04 07:31:57,9.967490,51.405498,234.5,408,98701,15.44,2.09,45.88
2023-12-04 07:31:58,9.967597,51.405513,234.5,408,98706,14.76,2.11,45.89
2023-12-04 07:31:59,9.967643,51.405506,234.5,408,98712,15.35,2.08,45.93
2023-12-04 07:32:00,9.967678,51.405517,234.5,403,98723,15.44,2.06,45.95
2023-12-04 07:32:01,9.967717,51.405525,234.5,408,98728,15.05,2.01,45.96
2023-12-04 07:32:02,9.967755,51.405548,234.5,408,98728,14.96,1.99,45.98
2023-12-04 07:32:03,9.967769,51.405525,234.5,408,98731,14.86,1.99,46.01
2023-12-04 07:32:04,9.967786,51.405551,234.5,408,98740,15.44,1.98,46.04
2023-12-04 07:32:05,9.967815,51.405578,213.4,408,98745,15.25,1.98,46.07
2023-12-04 07:32:06,9.967846,51.405632,213.4,408,98756,15.44,1.98,46.08
2023-12-04 07:32:07,9.967869,51.405673,213.4,408,98765,15.25,1.97,46.10
2023-12-04 07:32:08,9.967902,51.405715,213.4,408,98765,14.76,1.96,46.14
2023-12-04 07:32:10,9.967919,51.405883,213.4,408,98784,15.35,1.94,46.20
2023-12-04 07:32:12,9.967922,51.406124,213.4,398,98781,14.96,1.94,46.25
2023-12-04 07:32:14,9.967858,51.406394,213.4,348,98797,15.05,1.91,46.32
2023-12-04 07:32:16,9.967811,51.406509,213.4,249,98778,15.35,1.87,46.37
2023-12-04 07:32:18,9.967707,51.406620,213.4,169,98797,14.96,1.87,46.42
2023-12-04 07:32:20,9.967574,51.406730,213.4,119,98776,15.35,1.87,46.49
2023-12-04 07:32:22,9.967401,51.407039,213.4,39,98791,14.76,1.86,46.54
2023-12-04 07:32:24,9.967275,51.407360,213.4,24,98784,15.35,1.85,46.59
2023-12-04 07:32:26,9.967133,51.407714,213.4,24,98787,15.05,1.86,46.66
2023-12-04 07:32:28,9.967049,51.407863,213.4,24,98791,14.96,1.84,46.71
2023-12-04 07:32:30,9.967063,51.407726,213.4,24,98797,15.25,1.82,46.76
2023-12-04 07:32:32,9.967077,51.407661,213.4,24,98800,15.05,1.79,46.81
2023-12-04 07:32:34,9.967054,51.407726,213.4,24,98797,15.64,1.79,46.88
2023-12-04 07:32:36,9.967065,51.407798,213.4,24,98800,15.05,1.80,46.92
2023-12-04 07:32:46,9.967342,51.407176,213.4,24,98827,15.74,1.67,47.17
2023-12-04 07:32:48,9.967309,51.407150,213.4,24,98832,15.54,1.68,47.18
2023-12-04 07:32:50,9.967294,51.407108,213.4,24,98838,15.74,1.66,47.22
2023-12-04 07:32:52,9.967297,51.407051,213.4,24,98843,15.84,1.64,47.27
2023-12-04 07:32:54,9.967288,51.407032,213.4,24,98846,15.35,1.63,47.32
2023-12-04 07:32:56,9.967318,51.406932,213.4,24,98840,15.84,1.64,47.38
2023-12-04 07:32:58,9.967318,51.406883,213.4,24,98840,15.64,1.57,47.41
2023-12-04 07:33:00,9.967401,51.406711,213.4,24,98857,16.03,1.53,47.45
2023-12-04 07:33:02,9.967515,51.406467,213.4,24,98874,15.74,1.50,47.49
2023-12-04 07:33:07,9.967620,51.406352,213.4,99,98879,15.84,1.47,47.65
2023-12-04 07:33:09,9.967631,51.406311,213.4,174,98879,15.93,1.46,47.68
2023-12-04 07:33:11,9.967638,51.406288,213.4,253,98888,15.64,1.45,47.71
2023-12-04 07:33:13,9.967641,51.406215,213.4,293,98896,15.84,1.42,47.76
2023-12-04 07:33:15,9.967675,51.406169,213.4,368,98921,15.54,1.37,47.81
2023-12-04 07:33:17,9.967659,51.406196,213.4,408,98918,15.54,1.37,47.81
2023-12-04 07:33:18,9.967749,51.405845,213.4,408,98932,15.64,1.34,47.83
2023-12-04 07:33:19,9.967837,51.405559,213.4,408,98949,15.64,1.31,47.85
2023-12-04 07:33:20,9.967845,51.405532,213.4,408,98932,15.93,1.31,47.88
2023-12-04 07:33:53,9.967888,51.405715,213.4,408,98998,16.03,0.99,48.89
2023-12-04 07:33:54,9.967884,51.405723,213.4,408,99006,16.13,0.99,48.84
2023-12-04 07:33:55,9.967877,51.405723,213.4,403,99006,19.35,0.96,48.86
2023-12-04 07:33:56,9.967865,51.405704,213.4,408,99012,16.03,0.96,48.88
2023-12-04 07:33:57,9.967853,51.405723,213.4,408,99001,19.26,0.98,48.94
2023-12-04 07:33:58,9.967854,51.405719,213.4,403,99006,16.32,0.95,48.95
2023-12-04 07:33:59,9.967863,51.405723,213.4,408,99012,19.06,0.95,48.99
2023-12-04 07:34:00,9.967849,51.405715,213.4,403,99014,16.32,0.95,49.01
2023-12-04 07:34:01,9.967841,51.405685,213.4,408,99017,18.57,0.96,49.03
2023-12-04 07:34:02,9.967816,51.405685,213.4,408,99012,16.23,0.95,49.07
2023-12-04 07:34:03,9.967780,51.405696,213.4,408,99023,18.77,0.94,49.07
2023-12-04 07:34:07,9.967879,51.405612,213.4,408,99009,18.57,0.91,49.24
2023-12-04 07:34:08,9.967943,51.405586,213.4,408,99012,16.13,0.92,49.26
2023-12-04 07:34:09,9.967966,51.405570,213.4,403,99014,17.79,0.92,49.28
2023-12-04 07:34:10,9.968015,51.405555,213.4,408,99020,16.32,0.92,49.30
2023-12-04 07:34:11,9.967999,51.405586,213.4,408,99009,17.79,0.91,49.33
2023-12-04 07:34:12,9.967989,51.405601,212.9,408,99006,16.23,0.91,49.36
2023-12-04 07:34:13,9.968019,51.405582,212.9,403,99009,18.48,0.92,49.39
2023-12-04 07:34:14,9.968047,51.405578,212.9,403,99014,16.52,0.91,49.43
2023-12-04 07:34:16,9.968093,51.405567,212.9,408,99017,16.23,0.88,49.48
2023-12-04 07:34:18,9.968038,51.405620,212.9,408,99028,15.93,0.90,49.53
2023-12-04 07:34:20,9.967988,51.405677,212.9,358,99026,16.52,0.87,49.61
2023-12-04 07:34:22,9.968132,51.405487,212.9,283,99020,16.32,0.90,49.65
2023-12-04 07:34:24,9.968382,51.405090,212.9,199,99012,16.52,0.88,49.72
2023-12-04 07:38:03,9.967894,51.405712,212.9,408,99199,7.14,0.08,53.84
2023-12-04 07:38:04,9.967885,51.405807,212.9,408,99188,15.15,0.07,53.76
2023-12-04 07:38:05,9.967893,51.405864,212.9,408,99201,33.92,0.07,53.80
2023-12-04 07:38:06,9.967882,51.405872,212.9,408,99210,58.26,0.04,53.81
2023-12-04 07:38:07,9.967875,51.405872,212.9,408,99213,65.20,0.04,53.83
2023-12-04 07:38:08,9.967876,51.405872,212.9,408,99218,73.61,0.01,53.83
2023-12-04 07:38:09,9.967879,51.405860,212.9,408,99224,56.40,0.02,53.88
